-19.2719795131743,-45.5586520407272 -19.2716738525062,-45.5583283480752;-19.2716738525062,-45.5583283480752 -19.2720944476161,-45.5578916289934;-19.2720944476161,-45.5578916289934 -19.2724130518649,-45.5582306757245;-19.2724130518649,-45.5582306757245 -19.2719795131743,-45.5586520407272;-19.2724439418798,-45.5581844484236 -19.2721430075824,-45.5578518522295;-19.2721430075824,-45.5578518522295 -19.2727558443322,-45.5572166132419;-19.2727558443322,-45.5572166132419 -19.2730632572357,-45.5575143662617;-19.2730632572357,-45.5575143662617 -19.2724439418798,-45.5581844484236;-19.2720710549252,-45.5577817275 -19.2717463576444,-45.5574505944538;-19.2717463576444,-45.5574505944538 -19.2722862387759,-45.5569014012035;-19.2722862387759,-45.5569014012035 -19.2725741663924,-45.5570646110925 -19.2726840372686,-45.5571567493174;-19.2726840372686,-45.5571567493174 -19.2720710549252,-45.5577817275;-19.2716931127811,-45.5573862010782 -19.2711278472897,-45.5568019762201;-19.2711278472897,-45.5568019762201 -19.2713978285187,-45.5564509020725;-19.2713978285187,-45.5564509020725 -19.2722264713019,-45.5568768692755;-19.2722264713019,-45.5568768692755 -19.2717967388347,-45.5572812956905 -19.2716931127811,-45.5573862010782;-19.2710754992602,-45.5567392600179 -19.2704837330037,-45.5561550428433;-19.2704837330037,-45.5561550428433 -19.2704976388151,-45.5560794296699 -19.2705016849316,-45.5559960887522;-19.2705016849316,-45.5559960887522 -19.2713338036979,-45.5564195406612;-19.2713338036979,-45.5564195406612 -19.2710754992602,-45.5567392600179;-19.2713725978551,-45.5563618263465 -19.2704842538384,-45.555906357663;-19.2704842538384,-45.555906357663 -19.2705652077953,-45.5550038435521;-19.2705652077953,-45.5550038435521 -19.2712415956749,-45.5552521372378 -19.2715175695311,-45.5553591960614 -19.2718363669167,-45.5555566601137 -19.2719066520776,-45.5556423420566;-19.2719066520776,-45.5556423420566 -19.2713725978551,-45.5563618263465;-19.2704172746071,-45.5558816415051 -19.2686991990294,-45.5549879203745;-19.2685584880492,-45.5543074305015 -19.2686991990294,-45.5549879203745;-19.2685584880492,-45.5543074305015 -19.2704862244409,-45.555003655854;-19.2704862244409,-45.555003655854 -19.2704172746071,-45.5558816415051;-19.2680381126093,-45.5526782768718 -19.2681690182836,-45.5528937196948;-19.2681690182836,-45.5528937196948 -19.2682679206686,-45.5532774943071 -19.26864552031,-45.5550109531085;-19.2686446802105,-45.5550075789473 -19.2677059433684,-45.5550896842105;-19.2686665749473,-45.5550869473684 -19.2677168907368,-45.5551608421052;-19.2686675739175,-45.5550859146617 -19.2688769093042,-45.556555991792;-19.2688769093042,-45.556555991792 -19.2696190286512,-45.5572678014358;-19.2696190286512,-45.5572678014358 -19.2693011677445,-45.5577034174048;-19.2696880068318,-45.5573465389107 -19.2694004812956,-45.557754637238;-19.2696880068318,-45.5573465389107 -19.2701977001437,-45.5578637405772;-19.2701977001437,-45.5578637405772 -19.2692218089763,-45.5591068423414 -19.2687779680585,-45.5596958366476 -19.2684021681096,-45.5601694497723 -19.2671201905144,-45.5618781537686;-19.2671201905144,-45.5618781537686 -19.2667185901488,-45.5617360380853;-19.2689629613167,-45.5564986907331 -19.2696651641605,-45.5572239986818;-19.268721148017,-45.5551173167293 -19.2689629613167,-45.5564986907331;-19.2704199025639,-45.5559762376945 -19.2687211486054,-45.5551173167293;-19.2704124974907,-45.5561298656583 -19.2704199025639,-45.5559762376945;-19.2696651641605,-45.5572239986818 -19.2704124974907,-45.5561298656583;-19.2706716682637,-45.5572723874705 -19.2701132655849,-45.556703852547;-19.2701132655849,-45.556703852547 -19.2704428793502,-45.5562229561443;-19.2704428793502,-45.5562229561443 -19.2710327132175,-45.5568057176631;-19.2710327132175,-45.5568057176631 -19.2706716682637,-45.5572723874705;-19.2702468837096,-45.5578026786787 -19.2697331888415,-45.5572738136329;-19.2697331894299,-45.5572738136329 -19.2700696570661,-45.5567879331731;-19.2700696564777,-45.5567879331732 -19.2706058172081,-45.5573451887521;-19.2706058172081,-45.5573451887521 -19.2702468837096,-45.5578026786787;-19.2700605450982,-45.5602339726943 -19.2688946355122,-45.5596725687235;-19.2688946355122,-45.5596725687235 -19.2696275743809,-45.5586981718042 -19.2702537061457,-45.5579297825789;-19.2702537061457,-45.5579297825789 -19.2711160333171,-45.558811321565;-19.2711160333171,-45.558811321565 -19.2705155437431,-45.5594877460912 -19.2703047709371,-45.5597631276366 -19.2700605450982,-45.5602339726943;-19.2695796102753,-45.5613672385252 -19.2690462793976,-45.561122864791;-19.2690462793976,-45.561122864791 -19.2694762786322,-45.5600467306898;-19.2694762786322,-45.5600467306898 -19.2700275390333,-45.5603217330272;-19.2700275390333,-45.5603217330272 -19.2695796102753,-45.5613672385252;-19.2689734575047,-45.5610955948685 -19.2684602643486,-45.5608851136761 -19.2681058083501,-45.5606764810679;-19.2681058083501,-45.5606764810679 -19.2688538963309,-45.5597726742984;-19.2688538963309,-45.5597726742984 -19.2694110537567,-45.5600153744405;-19.2694110537567,-45.5600153744405 -19.2689734575047,-45.5610955948685;-19.2677915251927,-45.5621461300116 -19.26718583446,-45.5618961157128;-19.26718583446,-45.5618961157128 -19.2680621204162,-45.5607346302749;-19.2680621204162,-45.5607346302749 -19.2683518750126,-45.5609102502249;-19.2683518750126,-45.5609102502249 -19.2677915251927,-45.5621461300116;-19.2684862149183,-45.5622632156636 -19.2679368788635,-45.5619826909448;-19.2679368788635,-45.5619826909448 -19.2684258465685,-45.5609462222663;-19.2684258465685,-45.5609462222663 -19.2689468439349,-45.5611765811957;-19.2689468439349,-45.5611765811957 -19.2684862149183,-45.5622632156636;-19.2690625863399,-45.5625456679079 -19.2685591416287,-45.5622909741104;-19.2685591416287,-45.5622909741104 -19.2690170598343,-45.5611923388516;-19.2690170598343,-45.5611923388516 -19.2695483347484,-45.5614249563908;-19.2695483347484,-45.5614249563908 -19.2690625863399,-45.5625456679079;-19.268300183896,-45.5626825210371 -19.2678360465601,-45.5621996772763;-19.2679018523832,-45.56204849388 -19.2678360465601,-45.5621996772763;-19.2679018523832,-45.56204849388 -19.2684604053058,-45.5623231824974;-19.2684604053058,-45.5623231824974 -19.268300183896,-45.5626825210371;-19.2687223525171,-45.56334787807 -19.2683565730979,-45.56272792992;-19.2683565730979,-45.56272792992 -19.2685361280708,-45.562362488435;-19.2685361280708,-45.562362488435 -19.2690410190143,-45.562620741279;-19.2690410190143,-45.562620741279 -19.2687223525171,-45.56334787807;-19.2690570778535,-45.5642867395074 -19.268769796012,-45.5634720836638;-19.268769796012,-45.5634720836638 -19.2690938968707,-45.5626484011766;-19.2690938968707,-45.5626484011766 -19.269654164629,-45.5629058691283;-19.269654164629,-45.5629058691283 -19.2690570778535,-45.5642867395074;-19.2696816200815,-45.5628266928199 -19.2691227344834,-45.5625933431771;-19.2691227344834,-45.5625933431771 -19.2696120582868,-45.5614877809705;-19.2696120582868,-45.5614877809705 -19.2701458199693,-45.5617377520064;-19.2701458199693,-45.5617377520064 -19.2696816200815,-45.5628266928199;-19.2701902100502,-45.5616313816504 -19.269656689409,-45.5613875874501;-19.269656689409,-45.5613875874501 -19.2701277498682,-45.5603463873945;-19.2701277498682,-45.5603463873945 -19.270645066083,-45.5605875686028;-19.270645066083,-45.5605875686028 -19.2701902100502,-45.5616313816504;-19.2706827967096,-45.5605269147658 -19.2701391021143,-45.5602813507908;-19.2701391021143,-45.5602813507908 -19.2703539933218,-45.5597982780699 -19.270607992153,-45.5594842258982 -19.2711183364209,-45.5589333883633;-19.2706827967096,-45.5605269147658 -19.2710945968548,-45.5595229714158 -19.2711183364209,-45.5589333883633;-19.271149517479,-45.558725728732 -19.2709811970563,-45.5585462528809 -19.270797063287,-45.5583502940071 -19.2705825221062,-45.5581340635257 -19.2703058807119,-45.5578582113959;-19.2703058807119,-45.5578582113959 -19.2706735411399,-45.5574134555473;-19.2706735411399,-45.5574134555473 -19.2715627812559,-45.5583221470702;-19.271149517479,-45.558725728732 -19.2715627812559,-45.5583221470702;-19.2716100437945,-45.5582525011455 -19.2707414747696,-45.5573309270169;-19.2707414747696,-45.5573309270169 -19.2710816669934,-45.5568591048928;-19.2710816669934,-45.5568591048928 -19.2720276742865,-45.5578314697195;-19.2720276742865,-45.5578314697195 -19.2716100437945,-45.5582525011455;-19.2772800312133,-45.5507321334084 -19.2774309606017,-45.5506895929203 -19.2777043057345,-45.5506481769911 -19.277886535823,-45.5506481769911 -19.2780306449106,-45.5506719110058;-19.2712236981956,-45.5507306791583 -19.2721903710207,-45.5507352609813 -19.2723919441471,-45.5507046697923 -19.2727008669168,-45.5506822124008 -19.2742502698039,-45.5505498526339;-19.2742502698039,-45.5505498526339 -19.2743499456867,-45.5511173261693;-19.2743499456867,-45.5511173261693 -19.2725828693369,-45.5515278260148;-19.2725828693369,-45.5515278260148 -19.2725004295763,-45.5510647942923;-19.2725004295763,-45.5510647942923 -19.2713312783034,-45.5513570426685;-19.2713312783034,-45.5513570426685 -19.2712236981956,-45.5507306791583;-19.2713552364434,-45.5514230855365 -19.2724245279658,-45.5511581523605;-19.2724245279658,-45.5511581523605 -19.2724995899954,-45.5515409010324;-19.2724995899954,-45.5515409010324 -19.2714413533034,-45.5518072528333;-19.2714413533034,-45.5518072528333 -19.2713552364434,-45.5514230855365;-19.2714612740926,-45.5518718717475 -19.2725162703362,-45.5516173097345;-19.2726797232062,-45.5528162313648 -19.2725162703362,-45.5516173097345;-19.2717167587456,-45.5528817780313 -19.2726797232062,-45.5528162313648;-19.2714612740926,-45.5518718717475 -19.2717167587456,-45.5528817780313;-19.2725947266343,-45.551612500048 -19.2743730345331,-45.5511791048104;-19.2743730345331,-45.5511791048104 -19.2744489406321,-45.5515503988615;-19.2744489406321,-45.5515503988615 -19.2726378807189,-45.5520062056983;-19.2726378807189,-45.5520062056983 -19.2725947266343,-45.551612500048;-19.2726467430934,-45.5520972797631 -19.2744605260741,-45.551624929421;-19.2744605260741,-45.551624929421 -19.274671321342,-45.5526746610575;-19.274671321342,-45.5526746610575 -19.2727386863448,-45.5528163453319;-19.2727386863448,-45.5528163453319 -19.2726467430934,-45.5520972797631;-19.2727517291535,-45.5528777907547 -19.2746633531165,-45.5527411320086;-19.2746633531165,-45.5527411320086 -19.2727851045873,-45.553153730194;-19.2727851045873,-45.553153730194 -19.2727517291535,-45.5528777907547;-19.2720133631171,-45.5529460223007 -19.2726768775808,-45.5528805760617;-19.2726768775808,-45.5528805760617 -19.2727193005941,-45.5531776165457;-19.2727193005941,-45.5531776165457 -19.272090960871,-45.5533199804269;-19.272090960871,-45.5533199804269 -19.2720133631171,-45.5529460223007;-19.2717212492673,-45.5529514420136 -19.2719594440115,-45.5529414951408;-19.2719594440115,-45.5529414951408 -19.2720434358953,-45.5533207944489;-19.2720434358953,-45.5533207944489 -19.2718461727549,-45.5533805639132;-19.2718461727549,-45.5533805639132 -19.2717212492673,-45.5529514420136;-19.2718604102601,-45.5534430006192 -19.2727972198579,-45.553227833316 -19.2737060303155,-45.5530279901788 -19.2746362525378,-45.5528114934467 -19.2747314159365,-45.5527853235121 -19.2755272198582,-45.5525212450807 -19.2759863832569,-45.5523309182833 -19.2764003440412,-45.5520882516166 -19.2768285793354,-45.5518027614205 -19.2780823571133,-45.5507631012897 -19.278206526402,-45.5506278090965;-19.278206526402,-45.5506278090965 -19.281222807241,-45.5525321375405;-19.281222807241,-45.5525321375405 -19.280574615822,-45.5541123396225 -19.2801864814236,-45.5564960055471 -19.2801288882167,-45.5566048275008 -19.276655887097,-45.5588874438137;-19.276655887097,-45.5588874438137 -19.2754439525524,-45.558489350648;-19.2754439525524,-45.558489350648 -19.2760434872096,-45.5570885581873;-19.2739755291681,-45.5551164852779 -19.2751906616592,-45.5562378958426 -19.2760434872096,-45.5570885581873;-19.2739755291681,-45.5551164852779 -19.2747744504843,-45.5542731156631;-19.2747210652411,-45.5542336955233 -19.2739315185976,-45.5550830142042;-19.2739315185976,-45.5550830142042 -19.2730601789067,-45.5544487456283 -19.2728710261422,-45.5543806578089 -19.2723644685274,-45.5542206924055 -19.2720154883208,-45.5541647199368;-19.2720154883208,-45.5541647199368 -19.2718604102601,-45.5534430006192;-19.2747721543167,-45.5568644720204 -19.2742686061434,-45.5563939073519;-19.2742686061434,-45.5563939073519 -19.274724549729,-45.5559219595391;-19.274724549729,-45.5559219595391 -19.2752010532209,-45.5563652738886;-19.2752010532209,-45.5563652738886 -19.2747721543167,-45.5568644720204;-19.2743211966244,-45.557372340362 -19.2738279968861,-45.5568501288744;-19.2738279968861,-45.5568501288744 -19.2742052744513,-45.5564484290605;-19.2742052744513,-45.5564484290605 -19.2747037093649,-45.5569197798377;-19.2747037093649,-45.5569197798377 -19.2743211966244,-45.557372340362;-19.2740192006281,-45.557719019736 -19.2735009454236,-45.5571634462509;-19.2735009454236,-45.5571634462509 -19.273779373822,-45.5568881047872;-19.273779373822,-45.5568881047872 -19.2742733337838,-45.5574175058225;-19.2742733337838,-45.5574175058225 -19.2740192006281,-45.557719019736;-19.2734995889836,-45.5583188089205 -19.272948732205,-45.5577568907608;-19.272948732205,-45.5577568907608 -19.2734481321077,-45.5572096670009;-19.2734481321077,-45.5572096670009 -19.2739699343809,-45.557764944247;-19.2739699343809,-45.557764944247 -19.2734995889836,-45.5583188089205;-19.2748474651187,-45.5596669486199 -19.2735717196062,-45.5583631410234;-19.2735717196062,-45.5583631410234 -19.2740261356883,-45.5578138024708;-19.2740261356883,-45.5578138024708 -19.2751352056474,-45.5589811309687;-19.2751352056474,-45.5589811309687 -19.2748474651187,-45.5596669486199;-19.2751793244793,-45.5589114796923 -19.2740757156311,-45.5577644216769;-19.2740757156311,-45.5577644216769 -19.2743385148432,-45.5574660556541;-19.2743385148432,-45.5574660556541 -19.275340641211,-45.5585028121297;-19.275340641211,-45.5585028121297 -19.2751793250679,-45.5589114796923;-19.2753717753467,-45.5584605370697 -19.2743782793993,-45.5574204474748;-19.2743782793993,-45.5574204474748 -19.274780051524,-45.556980100312;-19.274780051524,-45.556980100312 -19.2756328639347,-45.5578270340086;-19.2756328639347,-45.5578270340086 -19.2753717753467,-45.5584605370697;-19.2756692055216,-45.5577546161679 -19.2748358553678,-45.5569214024568;-19.2748358553678,-45.5569214024568 -19.27526176999,-45.556423441903;-19.27526176999,-45.556423441903 -19.2759648043197,-45.5570954061863;-19.2759648043197,-45.5570954061863 -19.2756692055216,-45.5577546161679;-19.2782849916903,-45.5578638787951 -19.2804400556703,-45.5570887447195;-19.280214774533,-45.5566020785089 -19.2800929647916,-45.556709539441 -19.2782849916903,-45.5578638787951;-19.2804400556703,-45.5570887447195 -19.280214774533,-45.5566020785089;-19.2805103183252,-45.5570552358705 -19.2825116534758,-45.5562839620354 -19.2834898991289,-45.5559287044036 -19.2846998345419,-45.5553572029956 -19.2857604587763,-45.5547959989104 -19.2869086102534,-45.5541524162439 -19.288240794003,-45.5533584660058;-19.2805103183252,-45.5570552358705 -19.2802804897102,-45.5565301904572;-19.2802804897102,-45.5565301904572 -19.2807340585579,-45.554001305962 -19.2813279756969,-45.5526203456518;-19.2813279756969,-45.5526203456518 -19.281998220513,-45.5529817405247 -19.2823165203454,-45.5531220367507 -19.2828190929003,-45.5533082957365 -19.2834619292623,-45.5534563806988 -19.283937389458,-45.5535027693243 -19.2845002737705,-45.5535047877785 -19.2875782205463,-45.5533572855813 -19.288240794003,-45.5533584660058;-19.2745458085513,-45.5516003764291 -19.277433750451,-45.5507596009455 -19.2775532039438,-45.5507351075594 -19.2777035955681,-45.5507120080502 -19.2778300532668,-45.5507073064758 -19.2779871666736,-45.5507227747299;-19.2747471552003,-45.5526659720286 -19.2749609920374,-45.5526390115487 -19.2753848243234,-45.5524869186231 -19.2758228519492,-45.5523044071124 -19.2759698751106,-45.5522354583194 -19.276553911945,-45.551888686449 -19.2768398466451,-45.5516919795986 -19.2769919395708,-45.5515743610694 -19.2774543020646,-45.5511829752742 -19.277876106445,-45.5508301196868 -19.2779871666736,-45.5507227747299;-19.2747471552003,-45.5526659720286 -19.2745458085513,-45.5516003764291;-19.2744400470615,-45.5511602334124 -19.2767323162796,-45.5506262474712 -19.2772014833583,-45.5507741346371;-19.2745206962496,-45.5515267514069 -19.2758684276142,-45.5511426254405 -19.2772014833583,-45.5507741346371;-19.2745206962496,-45.5515267514069 -19.2744400470615,-45.5511602334124;-19.2743471937143,-45.5505584999825 -19.2771465575805,-45.5503620486705 -19.2773512004704,-45.5503751942032 -19.2776153316172,-45.5504044459796 -19.2778087766122,-45.5504582184751 -19.2781428869592,-45.5505922784871;-19.2780306449106,-45.5506719110058 -19.2781428869593,-45.5505922784871;-19.2772800312133,-45.5507321334084 -19.2771130561858,-45.5506610047982 -19.2767757184941,-45.5505577698603 -19.274430420705,-45.55109842755;-19.274430420705,-45.55109842755 -19.2743471937143,-45.5505584999825;-19.2707258848399,-45.5606309352918 -19.2712389006996,-45.5608630412995;-19.2712389006996,-45.5608630412995 -19.2707928488457,-45.5619191595331;-19.2707928488457,-45.5619191595331 -19.2702730714033,-45.5616757194651;-19.2702730714033,-45.5616757194651 -19.2707258848399,-45.5606309352918;-19.2712967693201,-45.5608955312303 -19.2718535135683,-45.5611627267447;-19.2718535135683,-45.5611627267447 -19.2714033370161,-45.5622040442241;-19.2714033370161,-45.5622040442241 -19.2708779166651,-45.561953844057;-19.2708779166651,-45.561953844057 -19.2712967693201,-45.5608955312303;-19.2719362980791,-45.5611952415044 -19.2724148577742,-45.5614143834039;-19.2724148577742,-45.5614143834039 -19.271981984776,-45.5624778841172;-19.271981984776,-45.5624778841172 -19.2714792589115,-45.5622408263925;-19.2714792589115,-45.5622408263925 -19.2719362980791,-45.5611952415044;-19.2723130359189,-45.5619529454103 -19.2727254908599,-45.5622014431077 -19.2729036970088,-45.5623567370374;-19.2729036970088,-45.5623567370374 -19.2726579302648,-45.5628721313744;-19.2726579302648,-45.5628721313744 -19.2720593026477,-45.5625409234715;-19.2720593026477,-45.5625409234715 -19.2723130359189,-45.5619529454103;-19.2729662328546,-45.5624241415257 -19.2734081813376,-45.5627713867623;-19.2734081813376,-45.5627713867623 -19.272674379017,-45.5643441868409;-19.272674379017,-45.5643441868409 -19.2721819187949,-45.5640402281392;-19.2721819187949,-45.5640402281392 -19.2729662328546,-45.5624241415257;-19.2735032625543,-45.5628267031054 -19.2743609096595,-45.563611951429 -19.2745606454843,-45.5638229399763 -19.2753828174262,-45.5648039715573;-19.2715901122452,-45.5694824131992 -19.2753828174262,-45.5648039715573;-19.2715901122452,-45.5694824131992 -19.270992096146,-45.5689852911927 -19.2708645205372,-45.568818661826 -19.2707144730294,-45.5686129708756 -19.2705699839875,-45.5682873647729;-19.2705699839875,-45.5682873647729 -19.2714373089852,-45.5668112986741 -19.2721324658743,-45.5654808673245 -19.2727677403348,-45.5644107943602 -19.2735032625543,-45.5628267031054;-19.2757518044035,-45.5655634620788 -19.2736185864998,-45.5681620273211 -19.2719017004177,-45.569776673429;-19.2719017004177,-45.569776673429 -19.2716700315481,-45.5695653369427;-19.2716700315481,-45.5695653369427 -19.2743892396416,-45.5661886908841 -19.2755451215175,-45.5648098150217;-19.2755451215175,-45.5648098150217 -19.2757039227375,-45.5650946843467 -19.2757518044035,-45.5655634620788;-19.2696782541448,-45.5680306001127 -19.2701416378694,-45.56822295488;-19.2701416378694,-45.56822295488 -19.2695296823014,-45.5686748606096 -19.2693142102958,-45.5688120882386;-19.2693142102958,-45.5688120882386 -19.2696782541448,-45.5680306001127;-19.2690616797699,-45.5677630584382 -19.2696032441647,-45.5679892243294;-19.2696032441647,-45.5679892243294 -19.2692108319928,-45.5688833307617;-19.2692108319928,-45.5688833307617 -19.2690299451956,-45.5689865947104;-19.2690299451956,-45.5689865947104 -19.2690180917906,-45.5688001363816 -19.2690093620733,-45.5682379516153 -19.2690616797699,-45.5677630584382;-19.2691894446592,-45.5667938286775 -19.2693541654744,-45.5668735881802;-19.2693541654744,-45.5668735881802 -19.2690838923174,-45.5675328192188;-19.2690838923174,-45.5675328192188 -19.2691894446592,-45.5667938286775;-19.2694194811725,-45.5669213671542 -19.2699605544858,-45.5671808353829;-19.2699605544858,-45.5671808353829 -19.2696412230461,-45.5679232739555;-19.2696412230461,-45.5679232739555 -19.2690987295836,-45.567669989478;-19.2690987295836,-45.567669989478 -19.2694194811725,-45.5669213671542;-19.2700542148815,-45.5672494644659 -19.2708761292553,-45.5676105100089;-19.2708761292553,-45.5676105100089 -19.2704716321961,-45.5682266968933;-19.2704716321961,-45.5682266968933 -19.2697316612441,-45.567943273047;-19.2697316612441,-45.567943273047 -19.2700542148815,-45.5672494644659;-19.2714569808509,-45.5665391353135 -19.270531613105,-45.5660518142483;-19.2709098869973,-45.5675226544562 -19.2714569808509,-45.5665391353135;-19.2700702485569,-45.5671407470054 -19.2709098869973,-45.5675226544562;-19.2700702485569,-45.5671407470054 -19.270531613105,-45.5660518142483;-19.2699347855749,-45.5657802995414 -19.2704441164085,-45.5660242107554;-19.2704441164085,-45.5660242107554 -19.2699936384536,-45.5670991824549;-19.2699936384536,-45.5670991824549 -19.2694699150519,-45.5668347227407;-19.2694699150519,-45.5668347227407 -19.2699347855749,-45.5657802995414;-19.2694393438284,-45.5655044841232 -19.2698675391335,-45.5657505964219;-19.2698675391335,-45.5657505964219 -19.2694085858262,-45.5667977215571;-19.2694085858262,-45.5667977215571 -19.2692015068984,-45.5667064334921;-19.2692015068984,-45.5667064334921 -19.2694393438284,-45.5655044841232;-19.2692156585676,-45.5640885544983 -19.2697566240097,-45.5643565742527;-19.2697566240097,-45.5643565742527 -19.269391712734,-45.5651822738941;-19.269391712734,-45.5651822738941 -19.2690870727463,-45.564393809552;-19.2690870727463,-45.564393809552 -19.2692156585676,-45.5640885544983;-19.2698186803417,-45.5643672859815 -19.270351150048,-45.5646155358814;-19.270351150048,-45.5646155358814 -19.2699071681477,-45.5656734286789;-19.2699071681477,-45.5656734286789 -19.2694546707872,-45.5654319339189;-19.2694546707872,-45.5654319339189 -19.2694548443432,-45.56535001004 -19.2694204863622,-45.565257429739;-19.2694204863622,-45.565257429739 -19.2698186803417,-45.5643672859815;-19.2704024414742,-45.564631736059 -19.2709535870297,-45.5648867092515;-19.2709535870297,-45.5648867092515 -19.2704708800884,-45.5659551963527;-19.2704708800884,-45.5659551963527 -19.2699729725401,-45.5657118789954;-19.2699729725401,-45.5657118789954 -19.2704024414742,-45.564631736059;-19.271003123139,-45.5649107174646 -19.2715091603626,-45.5651647908455;-19.2715091603626,-45.5651647908455 -19.2709768791773,-45.5662033367054;-19.2709768791773,-45.5662033367054 -19.2705582296203,-45.5659785307502;-19.2705582296203,-45.5659785307502 -19.271003123139,-45.5649107174646;-19.2715652147108,-45.5652263709257 -19.2720142638444,-45.5654780460444;-19.2720142638444,-45.5654780460444 -19.2714813941971,-45.5664626772047;-19.2714813941971,-45.5664626772047 -19.2710401246631,-45.5662298430961;-19.2710401246631,-45.5662298430961 -19.2715652147108,-45.5652263709257;-19.2721773031552,-45.5640960809617 -19.2726615495868,-45.5643950290138;-19.2726615495868,-45.5643950290138 -19.2720786289435,-45.5653598418875;-19.2720786289435,-45.5653598418875 -19.2716299193249,-45.5651379026161;-19.2716299193249,-45.5651379026161 -19.2721773037437,-45.5640960809617;-19.271511054142,-45.5637539035333 -19.2720749099299,-45.564058116404;-19.2720749099299,-45.564058116404 -19.2715513561656,-45.5650966328205;-19.2715513561656,-45.5650966328205 -19.2710324745688,-45.5648340290255;-19.2710324745688,-45.5648340290255 -19.271511054142,-45.5637539035333;-19.2709243287477,-45.5634898744656 -19.2714598527442,-45.563725320244;-19.2714598527442,-45.563725320244 -19.270969675224,-45.5648227602436;-19.270969675224,-45.5648227602436 -19.2704385514253,-45.5645722682001;-19.2704385514253,-45.5645722682001 -19.2709243287477,-45.5634898744656;-19.2703194889314,-45.5632291546859 -19.2708439937994,-45.563459562026;-19.2708439937994,-45.563459562026 -19.2703771002907,-45.564544014992;-19.2703771002907,-45.564544014992 -19.2698553038671,-45.5643033944777;-19.2698553038671,-45.5643033944777 -19.2703194889314,-45.5632291546859;-19.2697190170491,-45.5629465898563 -19.2702552301825,-45.5631983597485;-19.2702552301825,-45.5631983597485 -19.269794669524,-45.564273469082;-19.269794669524,-45.564273469082 -19.2692555849425,-45.5640272989681;-19.2692555849425,-45.5640272989681 -19.2697230728604,-45.5629445619506 -19.2697190170491,-45.5629465898563;-19.2720216485101,-45.562617506025 -19.2726222488066,-45.5629342783333;-19.2726222488066,-45.5629342783333 -19.2721163843657,-45.5639866797329;-19.2721163843657,-45.5639866797329 -19.271555234237,-45.5636860635925;-19.271555234237,-45.5636860635925 -19.2720216485101,-45.562617506025;-19.27143252494,-45.5623417504789 -19.2719337989659,-45.5625828696306;-19.2719337989659,-45.5625828696306 -19.271473229136,-45.5636603495079;-19.271473229136,-45.5636603495079 -19.2709626510501,-45.5634163588955;-19.2709626510501,-45.5634163588955 -19.27143252494,-45.5623417504789;-19.2708180027424,-45.5620622876593 -19.2713559567443,-45.5623078399518;-19.2713559567443,-45.5623078399518 -19.2709029512221,-45.563384656357;-19.2709029512221,-45.563384656357 -19.2703516521694,-45.5631570907632;-19.2703516521694,-45.5631570907632 -19.2708180027424,-45.5620622876593;-19.2702315527341,-45.5617745944112 -19.2707428966775,-45.5620195238631;-19.2707428966775,-45.5620195238631 -19.270286628528,-45.563124738088;-19.270286628528,-45.563124738088 -19.2697597442249,-45.5628677428735;-19.2697597442249,-45.5628677428735 -19.2702315527341,-45.5617745944112;-19.2670643273395,-45.5502906967772 -19.2671312482268,-45.5502582502864 -19.2672448109446,-45.5502359433239 -19.2673218713602,-45.5502339154183 -19.2670663552452,-45.5501527991913 -19.2670744668679,-45.5502176921729 -19.2670582436225,-45.5502886688715;-19.266780420545,-45.5503961478722 -19.2668919553571,-45.5503819525325 -19.266954820433,-45.5503434223247 -19.2669953785465,-45.550260278192 -19.2669933506409,-45.5501527991913 -19.2669568483387,-45.5500676271529 -19.2668858716401,-45.5500372085678 -19.2668047554131,-45.5500270690394 -19.266705388035,-45.550085878304 -19.2666526624875,-45.550179161965 -19.2666648299215,-45.5503069200226 -19.2666851089783,-45.5503495060417 -19.266780420545,-45.5503900641552;-19.266861536772,-45.5506415244589 -19.2667540577712,-45.5504549571368 -19.2668939832628,-45.5504590129482 -19.2668655925834,-45.5506394965532;-19.2731226482188,-45.5574554358366 -19.2727896544099,-45.5571520199999;-19.2727896544099,-45.5571520199999 -19.2730835773924,-45.5568287047192;-19.2730835773924,-45.5568287047192 -19.2733902097718,-45.5571510862725;-19.2733902097718,-45.5571510862725 -19.2731226482188,-45.5574554358366;-19.2734498899287,-45.5571074331307 -19.2731203060582,-45.5567841761037;-19.2731203060582,-45.5567841761037 -19.2733900793703,-45.5564930526608;-19.2733900793703,-45.5564930526608 -19.2737229008589,-45.5568510730251;-19.2737229008589,-45.5568510730251 -19.2734498899287,-45.5571074331307;-19.2737653804725,-45.5567870220379 -19.2730967821806,-45.5560787835311;-19.2730967821806,-45.5560787835311 -19.2734345800133,-45.5557024987271;-19.2734345800133,-45.5557024987271 -19.274144881358,-45.5563901583668;-19.274144881358,-45.5563901583668 -19.2737653804725,-45.5567870220379;-19.274197873997,-45.5563332151656 -19.2734925447087,-45.5556494927677;-19.2734925447087,-45.5556494927677 -19.2739222769976,-45.555175107789;-19.2739222769976,-45.555175107789 -19.2746434772503,-45.555864002161;-19.2746434772503,-45.555864002161 -19.274197873997,-45.5563332151656;-19.2734320161817,-45.5555869558836 -19.2726471134906,-45.5548307439354;-19.2726471134906,-45.5548307439354 -19.2729058615911,-45.554439485404;-19.2729058615911,-45.554439485404 -19.2730429122423,-45.5544962728481 -19.2736396276022,-45.5549391682487 -19.2738713127699,-45.5551153455116;-19.27387131277,-45.5551153455115 -19.2734320161817,-45.5555869558836;-19.2730327818463,-45.5560312196701 -19.2723047902248,-45.5552729808858;-19.2723047902248,-45.5552729808858 -19.2726104921396,-45.5548805658819;-19.2726104921396,-45.5548805658819 -19.273384026031,-45.5556379658705;-19.273384026031,-45.5556379658705 -19.2730327818463,-45.5560312196701;-19.2722649573963,-45.555156399401 -19.2720231541168,-45.5542168617257;-19.2720231541168,-45.5542168617257 -19.272378286853,-45.554273289119 -19.272840333979,-45.5544272984079;-19.272840333979,-45.5544272984079 -19.2722649573963,-45.555156399401;-19.2707330605396,-45.5520437126923 -19.2713722949897,-45.5518895443838;-19.2713722949897,-45.5518895443838 -19.2716385579927,-45.5528903396076;-19.2716385579927,-45.5528903396076 -19.2706776443391,-45.5529382374667;-19.2706776443391,-45.5529382374667 -19.2707330605396,-45.5520437126923;-19.2707531934571,-45.5515498918213 -19.2712674975608,-45.5514413610589;-19.2712674975608,-45.5514413610589 -19.2713566299181,-45.5518231769871;-19.2713566299181,-45.5518231769871 -19.2707274711597,-45.551962617776;-19.2707274711597,-45.551962617776 -19.2707531934571,-45.5515498918213;-19.2694317634247,-45.5505509405603 -19.2705202644979,-45.5506878325461 -19.2711385996597,-45.5507326366216;-19.2711385996597,-45.5507326366216 -19.2712612870072,-45.551374254066;-19.2712612870072,-45.551374254066 -19.270585456356,-45.5515010974138 -19.2695329262165,-45.5516920564472;-19.2695329262165,-45.5516920564472 -19.2694317634247,-45.5505509405603;-19.2695385125517,-45.5517483743858 -19.2706806356753,-45.5515425936289;-19.2706806356753,-45.5515425936289 -19.270655920468,-45.5519794894369;-19.270655920468,-45.5519794894369 -19.2695926626069,-45.5522161022895;-19.2695926626069,-45.5522161022895 -19.2695385125517,-45.5517483743858;-19.2696068578341,-45.5522743603881 -19.2706518522953,-45.5520531757358;-19.2706518522953,-45.5520531757358 -19.2705952127389,-45.5529421821138;-19.2705952127389,-45.5529421821138 -19.2696729320271,-45.5529660169521;-19.2696729320271,-45.5529660169521 -19.2696068578341,-45.5522743603881;-19.2686131576189,-45.5525076883536 -19.2695423819851,-45.5523045142921;-19.2695423819851,-45.5523045142921 -19.269591380186,-45.552966084224;-19.269591380186,-45.552966084224 -19.2686466883054,-45.5530192192599;-19.2686466883054,-45.5530192192599 -19.2686131576189,-45.5525076883536;-19.2694802925824,-45.5517541317735 -19.2685723208829,-45.5519055273235;-19.2694802925824,-45.5517541317735 -19.2695378718405,-45.5522427713706;-19.2686193991599,-45.5524437206256 -19.2695378718405,-45.5522427713706;-19.2686193991599,-45.5524437206256 -19.2685723208829,-45.5519055273235;-19.2684239909817,-45.5504265843499 -19.2693682850859,-45.5505543248349;-19.2693682850859,-45.5505543248349 -19.2694731087792,-45.5517021828106;-19.2694731087792,-45.5517021828106 -19.2685676065704,-45.5518468243416;-19.2685676065704,-45.5518468243416 -19.2684239909817,-45.5504265843499;-19.2675231393923,-45.5503140225923 -19.2683480014157,-45.5504063036565;-19.2683480014157,-45.5504063036565 -19.2683643137979,-45.5506079426106;-19.2683643137979,-45.5506079426106 -19.2676147584706,-45.5507281646289;-19.2676147584706,-45.5507281646289 -19.2675231393923,-45.5503140225923;-19.2676278192191,-45.550813135023 -19.2683712139902,-45.5506882860311;-19.2683712139902,-45.5506882860311 -19.2684992066737,-45.5518357710956;-19.2684992066737,-45.5518357710956 -19.2679659274053,-45.5519102457912;-19.2679659274053,-45.5519102457912 -19.2676278192191,-45.550813135023;-19.2679894287998,-45.5519953475384 -19.2679962235091,-45.5519908995231 -19.2685011244025,-45.5519185988624;-19.2685011244025,-45.5519185988624 -19.2685590176355,-45.5524577195521;-19.2681595377866,-45.5525527891521 -19.2685590176355,-45.5524577195521;-19.2681595377866,-45.5525527891521 -19.2679894287998,-45.5519953475384;-19.2681627777856,-45.5526128599844 -19.2685580313071,-45.5525265619645;-19.2685580313071,-45.5525265619645 -19.2685806981087,-45.5530129241037;-19.2685806981087,-45.5530129241037 -19.2685123865188,-45.5529819281553 -19.2684114142165,-45.552942209565 -19.2683166829071,-45.5528714780125 -19.2682085954661,-45.5527873040822;-19.2682085954661,-45.5527873040822 -19.2681627777856,-45.5526128599844;-19.2674482113641,-45.5503117318352 -19.2673097039261,-45.5502988083999 -19.2672103365481,-45.5503028642112 -19.2671312482268,-45.5503312548907 -19.2670785226792,-45.5503616734758 -19.2670116017919,-45.5504042594949 -19.2669649599614,-45.5504813199106 -19.266942652999,-45.5505604082319 -19.2669244018479,-45.5506942500065 -19.2670181591107,-45.5508244694096;-19.2675444340922,-45.5507381610224 -19.2674482113641,-45.5503117318352;-19.2670181591107,-45.5508244694096 -19.2675444340922,-45.5507381610224;-19.2665897974116,-45.5501913293991 -19.2661537976915,-45.5494734507902 -19.266518820713,-45.5498039994152 -19.2667783926393,-45.5499621760578 -19.2666952485067,-45.5500088178884 -19.2666303555251,-45.5500696550586 -19.2666100764683,-45.5501304922288 -19.2665938532229,-45.5501953852104;-19.2670533614586,-45.5508902757498 -19.2675566341122,-45.5508175593312;-19.2675566341122,-45.5508175593312 -19.2678933256344,-45.5519298961599;-19.2678933256344,-45.5519298961599 -19.2676869580607,-45.5519699320419;-19.2676869580607,-45.5519699320419 -19.2670533614586,-45.5508902757498;-19.2677039047471,-45.5520233151528 -19.2679240392288,-45.5519930067454;-19.2679240392288,-45.5519930067454 -19.2681151516378,-45.5526828992135;-19.2681151516378,-45.5526828992135 -19.2677039047471,-45.5520233151528;-19.2685258418228,-45.5541425666702 -19.2705037909499,-45.5548203773975;-19.2682609198892,-45.5529508452919 -19.2685258418228,-45.5541425666702;-19.2705996868862,-45.5530531871552 -19.2686001752113,-45.5531516125657 -19.2684456035645,-45.5530847400696 -19.2682609198892,-45.5529508452919;-19.2705037909499,-45.5548203773975 -19.2705996868862,-45.5530531871552;-19.2719942159671,-45.5555255627909 -19.2715691194405,-45.5552511189043 -19.2705824028408,-45.5548951770008;-19.2705824028408,-45.5548951770008 -19.2706709240111,-45.5530554309222;-19.2706709240111,-45.5530554309222 -19.271646163841,-45.5529677792603;-19.271646163841,-45.5529677792603 -19.272190578234,-45.5552720983681;-19.272190578234,-45.5552720983681 -19.2719942159671,-45.5555255627909;-19.2727078442757,-45.5563683285146 -19.2720026894793,-45.5556420263961;-19.2720026894793,-45.5556420263961 -19.2722505476177,-45.5553274128153;-19.2722505476177,-45.5553274128153 -19.2729958030607,-45.5560799903944;-19.2729958030607,-45.5560799903944 -19.2727078442757,-45.5563683285146;-19.2722603664129,-45.5568166638123 -19.2714293014268,-45.556382616755;-19.2714293014268,-45.556382616755 -19.2719399682501,-45.5557090264144;-19.2719399682501,-45.5557090264144 -19.2726529491612,-45.5564123677395;-19.2726529491612,-45.5564123677395 -19.2722603664129,-45.5568166638123;-19.2727454080452,-45.5564175575018 -19.2730759389093,-45.5567301771891;-19.2730411069252,-45.5561285077602 -19.2727454080452,-45.5564175575018;-19.2733452159839,-45.5564443130353 -19.2730411069252,-45.5561285077602;-19.2730759389093,-45.5567301771891 -19.2733452159839,-45.5564443130353;-19.272717741013,-45.5571187263465 -19.2726068310357,-45.5570222754504 -19.2723298663819,-45.5568571265567;-19.2723298663819,-45.5568571265567 -19.2726960992413,-45.5564621663781;-19.2726960992413,-45.5564621663781 -19.2730116470787,-45.5567932475789;-19.2730116470787,-45.5567932475789 -19.272717741013,-45.5571187263465;-19.2814984911143,-45.556772799856 -19.2808705837491,-45.5576049701113;-19.2808705837491,-45.5576049701113 -19.2803559127687,-45.5572036850103;-19.2813113148116,-45.5579936095722 -19.280945683839,-45.5576684768332;-19.280945683839,-45.5576684768332 -19.2815996354446,-45.5567232756193;-19.2815996354446,-45.5567232756193 -19.2825342268527,-45.5563717101458;-19.2813113148116,-45.5579936095722 -19.2825342268527,-45.5563717101458;-19.2800641301759,-45.5598388249795 -19.2803624179269,-45.5599337949871;-19.2813345452969,-45.5581182217381 -19.2800641301759,-45.5598388249795;-19.2813345452969,-45.5581182217381 -19.2815899438082,-45.5583060204126;-19.2803624179269,-45.5599337949871 -19.2815899438082,-45.5583060204126;-19.2804626220762,-45.559952676331 -19.280760961428,-45.560043506139;-19.2804626220762,-45.559952676331 -19.2816467477575,-45.5583414751482;-19.2819056999939,-45.5585675426413 -19.2816467477575,-45.5583414751482;-19.280760961428,-45.560043506139 -19.2819056999939,-45.5585675426413;-19.2813808667978,-45.5580434582388 -19.2816266904152,-45.5582309225999;-19.2813808667978,-45.5580434582388 -19.2826433302266,-45.5563645953794;-19.2827305444342,-45.5568179364309 -19.2826433302266,-45.5563645953794;-19.2816266904152,-45.5582309225999 -19.2827305444342,-45.5568179364309;-19.2819487469429,-45.5585101055472 -19.2816927271178,-45.5582860655757;-19.2816927271178,-45.5582860655757 -19.2827459233315,-45.5569237898449;-19.2827459233315,-45.5569237898449 -19.2828074056293,-45.5573568269004;-19.2828074056293,-45.5573568269004 -19.2819487469429,-45.5585101055472;-19.2827791334767,-45.5567641011178 -19.2827108299648,-45.5563277002095;-19.2827108299648,-45.5563277002095 -19.2833053961558,-45.5560965080078;-19.2827791334767,-45.5567641011178 -19.2833053961558,-45.5560965080078;-19.2828638168179,-45.5573124822436 -19.2827989361295,-45.556850207339;-19.2827989361295,-45.556850207339 -19.2834599081421,-45.5560331161701;-19.2834599081421,-45.5560331161701 -19.2841168251117,-45.5557675108521;-19.2841168251117,-45.5557675108521 -19.2828638168179,-45.5573124822436;-19.2799113703658,-45.5598993146292 -19.2783606699502,-45.5621537319222;-19.2783606699502,-45.5621537319222 -19.2777282005635,-45.5608123473493;-19.2777282005635,-45.5608123473493 -19.2783629437012,-45.559553205798;-19.2783629437012,-45.559553205798 -19.2792530725614,-45.5597563653704;-19.2792530725614,-45.5597563653704 -19.2788925824579,-45.5604463515797;-19.2789437607102,-45.5604595706245 -19.2793121719606,-45.5597757922765;-19.2793121719606,-45.5597757922765 -19.2799113703658,-45.5598993146292;-19.2842344213594,-45.5557168228143 -19.2845314532607,-45.5555698275048 -19.2850221134664,-45.5553346350095 -19.2854580305913,-45.5550933599497 -19.2858503560037,-45.5548703325835 -19.2863917042472,-45.5545651905961 -19.2868519516302,-45.5543117504072 -19.2873649145725,-45.5540035671375 -19.2877846115253,-45.5537845948143 -19.2879934462409,-45.5536710536097 -19.2882215424109,-45.5535899527492 -19.2883938817393,-45.5535129069318;-19.279968915363,-45.5599317802236 -19.2789910938089,-45.5613601748908;-19.279968915363,-45.5599317802236 -19.2808895252341,-45.5601500361287 -19.2811714643407,-45.5602209788719 -19.2814458497986,-45.5603027368851 -19.281621617556,-45.5603330501468;-19.2793576618833,-45.5597030829869 -19.2798794223641,-45.5590085333841;-19.2798794223641,-45.5590085333841 -19.2801928083682,-45.5594996111547;-19.2801928083682,-45.5594996111547 -19.2799340549239,-45.5598251296816;-19.2799340549239,-45.5598251296816 -19.2793576618833,-45.5597030829869;-19.2799512578752,-45.558932626663 -19.2808783898937,-45.5577237162471;-19.2812523409591,-45.5580725433487 -19.2808783898937,-45.5577237162471;-19.2812523409591,-45.5580725433487 -19.2802554032449,-45.5594353075281;-19.2802554032449,-45.5594353075281 -19.2799512578752,-45.558932626663;-19.2803559127687,-45.5572036850103 -19.2814984911143,-45.556772799856;-19.280821485076,-45.5576816258633 -19.2804846709699,-45.5581329837596 -19.2799178849312,-45.5588602208818;-19.2799178849312,-45.5588602208818 -19.2795492040115,-45.5582358283325 -19.2795451489685,-45.5582196081604;-19.2795451489685,-45.5582196081604 -19.2805196973222,-45.5574428605847;-19.2795175718352,-45.5581483164546 -19.280461494923,-45.5573939718733;-19.2795175718352,-45.5581483164546 -19.2791917826261,-45.5576306236315;-19.2802724440906,-45.5572349952273 -19.2795358240264,-45.5575127657109 -19.2791917826261,-45.5576306236315;-19.280461494923,-45.5573939718733 -19.2802724440906,-45.5572349952273;-19.280821485076,-45.5576816258633 -19.2805196973222,-45.5574428605847;-19.2783809568186,-45.5594643992499 -19.2784184714452,-45.559356644066 -19.2786256208865,-45.5590680114826 -19.2794816460137,-45.5582766204562;-19.2794816460137,-45.5582766204562 -19.2798511242251,-45.5589239295395;-19.2798511242251,-45.5589239295395 -19.2793041615901,-45.5596840923741;-19.2793041615901,-45.5596840923741 -19.2783809568186,-45.5594643992499;-19.2780710001131,-45.5580209137387 -19.2770615646066,-45.558693492107 -19.2767689075526,-45.5589049795312;-19.2794102049794,-45.5582052942939 -19.2791273017902,-45.5576532844377;-19.2782979777664,-45.5594369471359 -19.2783586640203,-45.5593481138407 -19.2785871833975,-45.5590136190618 -19.2794102049794,-45.5582052942939;-19.2767689075526,-45.5589049795312 -19.2782979777664,-45.5594369471359;-19.2780710001131,-45.5580209137387 -19.2791273017902,-45.5576532844377;-19.2776763624454,-45.5607013559601 -19.2771663322656,-45.5600361398977 -19.2768441828505,-45.5590188855001;-19.2768441828505,-45.5590188855001 -19.2782735030951,-45.5595307617582;-19.2782735030951,-45.5595307617582 -19.2776763624454,-45.5607013559601;-19.2808688352686,-45.5600587265827 -19.2816596757635,-45.5602597179454 -19.284180454711,-45.5606636996528;-19.2808688352686,-45.5600587265827 -19.2828275854704,-45.5574745695559;-19.2828275854704,-45.5574745695559 -19.2828554115468,-45.5575943649843;-19.2829033534874,-45.5575689637147 -19.2828749681862,-45.5574209546444;-19.2828749681862,-45.5574209546444 -19.2842344213594,-45.5557168228143;-19.270732505131,-45.560549916888 -19.2711517995216,-45.5595209952735 -19.2711822978718,-45.5588208228738;-19.2711822978718,-45.5588208228738 -19.2716198666999,-45.5583826563109;-19.2716198666999,-45.5583826563109 -19.2720354064152,-45.5588123702892;-19.2720354064152,-45.5588123702892 -19.2719862492697,-45.5598461503101 -19.2718474160874,-45.5599968324369 -19.2716105268766,-45.560016488931 -19.2712671661188,-45.5608070370732;-19.2712671661188,-45.5608070370732 -19.270732505131,-45.560549916888;-19.2713265353415,-45.5608384684607 -19.2716381537688,-45.5600946267565 -19.2718938409442,-45.560082414518 -19.2720681204876,-45.5598991923281 -19.2721022527122,-45.5588930094116;-19.2721022527122,-45.5588930094116 -19.2725732968099,-45.5593958645983;-19.2725732968099,-45.5593958645983 -19.2718682159522,-45.561077555075;-19.2718682159522,-45.561077555075 -19.2713265353415,-45.5608384684607;-19.2719475054983,-45.5611090699087 -19.2726439407408,-45.5594819048515;-19.2726439407408,-45.5594819048515 -19.2730527715167,-45.5599091694485;-19.2730527715167,-45.5599091694485 -19.2724297565803,-45.5613451509824;-19.2724297565803,-45.5613451509824 -19.2719475054983,-45.5611090699087;-19.2723596163365,-45.5618590418043 -19.2731271485403,-45.5599710324548;-19.2731271485403,-45.5599710324548 -19.273654970296,-45.5604934920991 -19.2737331723901,-45.5605536475561;-19.2737331723901,-45.5605536475561 -19.2729485538198,-45.5622674196965;-19.2729485538198,-45.5622674196965 -19.2727905804563,-45.5621337499275 -19.2723596163365,-45.5618590418043;-19.2730113568236,-45.5623191337009 -19.27338158207,-45.5615189735948;-19.27338158207,-45.5615189735948 -19.2738434596685,-45.5618507132157;-19.2738434596685,-45.5618507132157 -19.2734589911584,-45.5626717395177;-19.2734589911584,-45.5626717395177 -19.2730113568236,-45.5623191337009;-19.2734032160823,-45.56143426697 -19.2738000401635,-45.5606014081403;-19.2738000401635,-45.5606014081403 -19.2742688941695,-45.5609350590697;-19.2742688941695,-45.5609350590697 -19.2738825761543,-45.5617716550365;-19.2738825761543,-45.5617716550365 -19.2734032160823,-45.56143426697;-19.2735415139609,-45.5627503824203 -19.2745762320297,-45.5604973094936;-19.2745762320297,-45.5604973094936 -19.2765884184566,-45.5616685387598;-19.2765884184566,-45.5616685387598 -19.2757606407825,-45.5643324900967 -19.2754689297981,-45.5647476172668;-19.2754689297981,-45.5647476172668 -19.2745095390421,-45.5636329935238 -19.2735415139609,-45.5627503824203;-19.2755787181247,-45.5647123646464 -19.2758419489003,-45.5643881565018 -19.277146012038,-45.560099275525;-19.277146012038,-45.560099275525 -19.2776590314776,-45.5608451675044 -19.2783155804352,-45.5622120084349;-19.2758493171858,-45.565448026814 -19.2764427213667,-45.5647308306232 -19.2783155804352,-45.5622120084349;-19.2755787181247,-45.5647123646464 -19.2757833077885,-45.5650092361653 -19.2758493171858,-45.565448026814;-19.2745983540021,-45.5604244164146 -19.2754048938092,-45.5585647476626;-19.2767721982968,-45.55899541254 -19.2754048938092,-45.5585647476626;-19.2770948697894,-45.5600201877858 -19.2767721982968,-45.55899541254;-19.2766138027099,-45.5615860442364 -19.2770948697894,-45.5600201877858;-19.2745983540021,-45.5604244164146 -19.2766138027099,-45.5615860442364;-19.2737612612297,-45.5595830024211 -19.274197046919,-45.5591116293983;-19.274197046919,-45.5591116293983 -19.2748062880022,-45.5597489114818;-19.2748062880022,-45.5597489114818 -19.2745383616799,-45.5603758395125;-19.2745383616799,-45.5603758395125 -19.2737612612297,-45.5595830024211;-19.2733429129131,-45.5600503134995 -19.273724355962,-45.5596236090799;-19.273724355962,-45.5596236090799 -19.27450738691,-45.5604571681072;-19.27450738691,-45.5604571681072 -19.2742997370311,-45.5608788026446;-19.2742997370311,-45.5608788026446 -19.2737187338428,-45.5604405066517 -19.2733429129131,-45.5600503134995;-19.2726921711777,-45.5593984710801 -19.2730931375771,-45.558917983541;-19.2730931375771,-45.558917983541 -19.2736907590204,-45.5595645141523;-19.2736907590204,-45.5595645141523 -19.2732766057166,-45.5600051536125;-19.2732766057166,-45.5600051536125 -19.2726921711777,-45.5593984710801;-19.2731296222794,-45.5588658346966 -19.2735151057144,-45.5584205704081;-19.2735151057144,-45.5584205704081 -19.2741412852723,-45.5590596166693;-19.2741412852723,-45.5590596166693 -19.2737224604621,-45.5595104943987;-19.2737224604621,-45.5595104943987 -19.2731296222794,-45.5588658346966;-19.2724941345556,-45.5582324039114 -19.2728997530259,-45.5578120598582;-19.2728997530259,-45.5578120598582 -19.2734543655937,-45.558376004849;-19.2734543655937,-45.558376004849 -19.2730655280337,-45.5588178657127;-19.2730655280337,-45.5588178657127 -19.2724941345556,-45.5582324039114;-19.2720465080822,-45.5587170827666 -19.2724465047133,-45.5582708574154;-19.2724465047133,-45.5582708574154 -19.273035694728,-45.5588671668738;-19.273035694728,-45.5588671668738 -19.272637375242,-45.5593487773678;-19.272637375242,-45.5593487773678 -19.2720465080822,-45.5587170827666;-19.2505449923917,-45.7777077238925 -19.2508224856111,-45.7778023980497 -19.2510436379348,-45.7778525722988 -19.2512751663239,-45.7779018336582 -19.2514869901692,-45.7778821291144 -19.2516643310629,-45.7778476461628 -19.251812115141,-45.7777639018519 -19.251969751491,-45.7776506007253 -19.2521618707926,-45.777517595055 -19.2523441378223,-45.7773796632488 -19.2526397059785,-45.7771678394035 -19.252852468528,-45.7769975294657;-19.2497939646385,-45.7759899550741 -19.2498564391739,-45.7762121690316 -19.249925405077,-45.7764880326441 -19.2500270144028,-45.7768139655218 -19.2500731891551,-45.7769067541988 -19.2502061948254,-45.7771776916753 -19.2503786095832,-45.7774486291519 -19.2505214675254,-45.7776653791332 -19.2505449923917,-45.7777077238925;-19.2507638947824,-45.7758206285831 -19.2497939646385,-45.7759899550741;-19.2506141514792,-45.7753227794279 -19.2506579665244,-45.7755357804786 -19.2507638947824,-45.7758206285831;-19.2524070919053,-45.7746519195759 -19.2514216999923,-45.7750115443703 -19.2506141514792,-45.7753227794279;-19.2514740915428,-45.774914585871 -19.2523650682339,-45.774595888014;-19.251334863368,-45.7746500146314 -19.2514740915428,-45.774914585871;-19.2512866845881,-45.7747060010266 -19.2514060333642,-45.7749477851051;-19.2514060333642,-45.7749477851051 -19.2506671851147,-45.7752427404595 -19.2505259180432,-45.7749712299593 -19.2497906597168,-45.7755463362831 -19.2496277570619,-45.7755987964601 -19.2487609640721,-45.7757862366244;-19.2487619181411,-45.7758342589123 -19.2490781511344,-45.7768981224654;-19.2490781511344,-45.7768981224654 -19.2493486973311,-45.7770626251579 -19.249555025927,-45.7771345198906 -19.2499789126508,-45.7769168340663;-19.2499789126508,-45.7769168340663 -19.2504941451786,-45.7778067205349 -19.2508167231818,-45.77836183019;-19.2489169353566,-45.7761606050339 -19.2497247891372,-45.7760045533688;-19.249960103027,-45.7768445776987 -19.2499197393628,-45.7767170265486 -19.2497247891372,-45.7760045533688;-19.2491234785643,-45.7768554374842 -19.2493868351368,-45.7770027435488 -19.2495457250978,-45.7770598283544 -19.249960103027,-45.7768445776987;-19.2489169353566,-45.7761606050339 -19.2491234785643,-45.7768554374842;-19.2488247439026,-45.7758250343102 -19.2496211348724,-45.7756579884596;-19.2496211348724,-45.7756579884596 -19.249705099005,-45.775945196176;-19.2488993504478,-45.7760947556343 -19.249705099005,-45.775945196176;-19.2488247439026,-45.7758250343102 -19.2488993504478,-45.7760947556343;-19.2505539509433,-45.7753466378109 -19.2503023893036,-45.7754390155515 -19.2496952268445,-45.7756291060533;-19.2505539509433,-45.7753466378109 -19.2506109402521,-45.7755640942681 -19.2506813626315,-45.7757652262669;-19.2506813626315,-45.7757652262669 -19.2497773501135,-45.7759333939106;-19.2496952268445,-45.7756291060533 -19.2497773501135,-45.7759333939106;-19.2499168285579,-45.7755071616468 -19.2506138137908,-45.7752567637542 -19.2505105972265,-45.7750471144297 -19.2499168285579,-45.7755071616468